14 0 0 26 26 26 26 26 4 4 
9 9 9 26 26 26 26 26 4 4 
9 9 9 26 26 26 26 26 4 4 
9 9 9 29 29 30 30 15 4 4 
9 9 9 29 29 30 30 15 4 4 
9 9 9 29 29 30 30 0 4 4 
9 9 9 8 8 8 20 20 4 4 
9 9 9 8 8 8 20 20 4 4 
3 3 0 8 8 8 6 0 19 19 
3 3 0 27 27 27 6 0 19 19 

25 25 25 25 25 28 28 28 5 7 
25 25 25 25 25 28 28 28 5 7 
18 18 18 21 21 28 28 28 5 7 
18 18 18 21 21 28 28 28 5 7 
18 18 18 21 21 28 28 28 5 7 
18 18 18 21 21 28 28 28 5 7 
18 18 18 21 21 28 28 28 5 7 
11 11 11 21 21 28 28 28 5 7 
11 11 11 0 0 28 28 28 0 7 
11 11 11 0 0 0 0 0 0 7 

17 17 17 22 22 22 22 31 31 0 
17 17 17 22 22 22 22 31 31 0 
17 17 17 22 22 22 22 31 31 0 
17 17 17 22 22 22 22 31 31 0 
17 17 17 22 22 22 22 0 0 0 
12 12 12 13 13 13 23 23 23 23 
12 12 12 13 13 13 23 23 23 23 
12 12 12 13 13 13 23 23 23 23 
12 12 12 0 0 0 23 23 23 23 
0 0 0 0 0 0 23 23 23 23 

10 10 10 10 2 2 2 2 2 2 
10 10 10 10 2 2 2 2 2 2 
10 10 10 10 2 2 2 2 2 2 
10 10 10 10 2 2 2 2 2 2 
10 10 10 10 2 2 2 2 2 2 
10 10 10 10 2 2 2 2 2 2 
10 10 10 10 1 1 1 1 1 1 
10 10 10 10 1 1 1 1 1 1 
10 10 10 10 1 1 1 1 1 1 
10 10 10 10 1 1 1 1 1 1 

16 24 24 24 24 24 0 0 0 0 
16 24 24 24 24 24 0 0 0 0 
16 24 24 24 24 24 0 0 0 0 
16 24 24 24 24 24 0 0 0 0 
16 24 24 24 24 24 0 0 0 0 
16 0 0 0 0 0 0 0 0 0 
16 0 0 0 0 0 0 0 0 0 
0 0 0 0 0 0 0 0 0 0 
0 0 0 0 0 0 0 0 0 0 
0 0 0 0 0 0 0 0 0 0 

