1 1 1 1 1 1 3 3 5 7 
1 1 1 1 1 1 3 3 5 7 
1 1 1 1 1 1 4 4 5 7 
1 1 1 1 1 1 4 4 5 7 
2 2 2 2 2 2 4 4 5 7 
2 2 2 2 2 2 4 4 5 7 
2 2 2 2 2 2 4 4 5 7 
2 2 2 2 2 2 4 4 5 7 
2 2 2 2 2 2 4 4 6 7 
2 2 2 2 2 2 4 4 6 7 

8 8 8 10 10 10 10 11 11 11 
8 8 8 10 10 10 10 11 11 11 
8 8 8 10 10 10 10 11 11 11 
9 9 9 10 10 10 10 12 12 12 
9 9 9 10 10 10 10 12 12 12 
9 9 9 10 10 10 10 12 12 12 
9 9 9 10 10 10 10 12 12 12 
9 9 9 10 10 10 10 13 13 13 
9 9 9 10 10 10 10 13 13 13 
9 9 9 10 10 10 10 13 13 13 

14 17 17 17 19 19 22 22 22 22 
15 17 17 17 19 19 22 22 22 22 
15 17 17 17 20 20 22 22 22 22 
16 17 17 17 20 20 22 22 22 22 
16 17 17 17 21 21 22 22 22 22 
16 18 18 18 21 21 23 23 23 23 
16 18 18 18 21 21 23 23 23 23 
16 18 18 18 21 21 23 23 23 23 
16 18 18 18 21 21 23 23 23 23 
16 18 18 18 21 21 23 23 23 23 

24 24 24 24 24 27 27 27 29 29 
24 24 24 24 24 28 28 28 29 29 
24 24 24 24 24 28 28 28 29 29 
24 24 24 24 24 28 28 28 30 30 
24 24 24 24 24 28 28 28 30 30 
25 25 25 25 25 28 28 28 30 30 
25 25 25 25 25 28 28 28 31 31 
26 26 26 26 26 28 28 28 31 31 
26 26 26 26 26 28 28 28 31 31 
26 26 26 26 26 28 28 28 31 31 

