27 27 27 2 2 2 2 2 2 0 
12 12 12 2 2 2 2 2 2 0 
12 12 12 2 2 2 2 2 2 0 
12 12 12 2 2 2 2 2 2 0 
12 12 12 2 2 2 2 2 2 0 
8 8 8 2 2 2 2 2 2 0 
8 8 8 0 0 0 0 0 0 0 
8 8 8 0 0 0 0 0 0 0 
0 0 0 0 0 0 0 0 0 0 
0 0 0 0 0 0 0 0 0 0 

10 10 10 10 1 1 1 1 1 1 
10 10 10 10 1 1 1 1 1 1 
10 10 10 10 1 1 1 1 1 1 
10 10 10 10 1 1 1 1 1 1 
10 10 10 10 14 0 0 0 0 0 
10 10 10 10 23 23 23 23 0 0 
10 10 10 10 23 23 23 23 0 0 
10 10 10 10 23 23 23 23 0 0 
10 10 10 10 23 23 23 23 0 0 
10 10 10 10 23 23 23 23 0 0 

30 30 4 4 24 24 24 24 24 5 
30 30 4 4 24 24 24 24 24 5 
30 30 4 4 24 24 24 24 24 5 
0 0 4 4 24 24 24 24 24 5 
0 0 4 4 24 24 24 24 24 5 
0 0 4 4 11 11 11 0 0 5 
0 0 4 4 11 11 11 0 0 5 
0 0 4 4 11 11 11 0 0 5 
0 0 19 19 6 0 0 0 0 0 
0 0 19 19 6 0 0 0 0 0 

28 28 28 20 20 18 18 18 0 0 
28 28 28 20 20 18 18 18 0 0 
28 28 28 21 21 18 18 18 0 0 
28 28 28 21 21 18 18 18 0 0 
28 28 28 21 21 18 18 18 0 0 
28 28 28 21 21 26 26 26 26 26 
28 28 28 21 21 26 26 26 26 26 
28 28 28 21 21 26 26 26 26 26 
28 28 28 0 0 25 25 25 25 25 
0 0 0 0 0 25 25 25 25 25 

15 0 0 16 0 7 17 17 17 0 
15 0 0 16 0 7 17 17 17 0 
9 9 9 16 0 7 17 17 17 0 
9 9 9 16 0 7 17 17 17 0 
9 9 9 16 0 7 17 17 17 0 
9 9 9 16 0 7 31 31 0 0 
9 9 9 16 0 7 31 31 0 0 
9 9 9 29 29 7 31 31 0 0 
9 9 9 29 29 7 31 31 0 0 
0 0 0 29 29 7 0 0 0 0 

13 13 13 0 0 0 0 0 0 0 
13 13 13 0 0 0 0 0 0 0 
13 13 13 0 0 0 0 0 0 0 
3 3 0 0 0 0 0 0 0 0 
3 3 0 0 0 0 0 0 0 0 
22 22 22 22 0 0 0 0 0 0 
22 22 22 22 0 0 0 0 0 0 
22 22 22 22 0 0 0 0 0 0 
22 22 22 22 0 0 0 0 0 0 
22 22 22 22 0 0 0 0 0 0 

